0,0,0,0,0,0,0,0,0,0,0,0,0.05,0,0,0
0,0,0,0,0,0,0,0,0,0,0,0,0.05,0,0,0
0,0,0,0,0,0,0,0,0,0,0,0,0.05,0,0,0
0,0,0,0,0,0,0,0,0,0,0.05,0,0,0,0,0
0,0,0,0.04,0,0,0,0,0,0,0,0,0.14,0,0,0
0,0,0,0,0,0,0,0,0.01,0,0,0,0.05,0,0,0
0,0,0,0,0,0,0,0,0,0,0,0,0.1,0,0,0
0,0,0,0,0,0,0,0,0,0,0,0,0.05,0,0,0
0,0,0,0,0,0,0.02,0,0.01,0,0,0,0.02,0,0,0
0,0,0,0,0,0,0,0,0,0,0,0,0.14,0,0,0
0,0,0,0,0,0,0,0,0,0,0,0,0.07,0,0,0
0,0,0,0,0,0,0,0,0,0,0,0,0.05,0,0,0
0,0,0,0,0,0,0,0,0,0,0,0,0,0,0,0
0,0,0,0,0,0,0,0,0,0,0,0,0.07,0,0.07,0
0,0,0,0,0,0,0,0,0,0,0,0,0.1,0,0.04,0.04
0,0,0,0,0,0,0,0,0,0,0,0,0,0,0.04,0
0,0,0,0.04,0,0,0,0,0,0,0,0,0.02,0,0,0
0,0,0,0.04,0,0,0,0,0,0,0.02,0,0.07,0,0.07,0
0,0,0,0.12,0,0,0,0,0,0,0,0,0.12,0,0,0
0,0,0,0,0,0,0,0,0,0,0,0,0,0,0,0
0,0,0,0,0,0,0,0.18,0,0,0,0,0,0,0,0.09
0,0,0,0,0,0,0,0,0,0,0,0,0.02,0,0,0
0,0,0,0,0,0,0,0,0,0,0,0.1,0.05,0,0,0
0,0,0,0.12,0,0,0,0.12,0,0,0,0,0,0,0,0
0,0,0,0,0,0,0,0,0,0,0,0,0.07,0,0,0
0,0,0,0.04,0,0,0,0,0,0,0,0,0,0,0,0
0,0,0,0.04,0,0,0,0,0,0,0.02,0,0.07,0,0.04,0
0.02,0,0,0,0,0,0,0,0,0.02,0,0,0.05,0,0,0.04
0.06,0,0.03,0,0,0.06,0,0,0,0.01,0,0,0.1,0,0,0
0.25,0.02,0.09,0.04,0,0,0.02,0,0.1,0.02,0.12,0,0.22,0,0,0.04
0.19,0.02,0.06,0.12,0,0,0.03,0.06,0.05,0.06,0.17,0,0.24,0.04,0.04,0.04
0.24,0.03,0.06,0.16,0,0,0.05,0.06,0.16,0.04,0.4,0,0.07,0.42,0,0.04
0.33,0.1,0.17,0.04,0,0.11,0.1,0.06,0.16,0.05,0.3,0,0.34,0.42,0,0.18
0.31,0.23,0.37,0.04,0,0,0.1,0.06,0.28,0.1,0.62,0.1,0.24,0.21,0.04,0.22
0.5,0.3,0.23,0.04,0,0.06,0.18,0.12,0.33,0.13,0.54,0.29,0.67,0.98,0.04,0.49
0.35,0.29,0.57,0.12,0.15,0,0.28,0.36,0.32,0.09,0.5,0.1,0.84,0.47,0.04,0.53
0.67,0.47,0.86,0.24,0.45,0,0.43,0.48,0.47,0.14,0.92,0,0.81,0.21,0.35,0.58
0.46,0.59,0.78,0.48,0.15,0.06,0.38,0.97,0.39,0.23,0.82,0.49,1.25,0.85,0.39,0.62
0.27,0.34,0.49,0.28,0,0.06,0.11,0.3,0.26,0.11,0.15,0,2.49,0.98,0.07,0.44
0.15,0.16,0.14,0.24,0,0.06,0.05,0.24,0.14,0.06,0.27,0,0.81,1.61,0.25,0.31
0.06,0.1,0.29,0.04,0,0,0,0.12,0.13,0.06,0.3,0,1.37,0.55,0.25,0.22
0.07,0.07,0.03,0,0,0,0.02,0.06,0.03,0.03,0.07,0,0.81,0.72,0.11,0.36
0.04,0.1,0.06,0,0,0,0.08,0,0.03,0.01,0.1,0,0.55,0.17,0.04,0.44
0,0.05,0.09,0,0,0,0.03,0,0.03,0.01,0.02,0,0.53,0.04,0.07,0.09
0.03,0.04,0,0,0,0,0.03,0,0.01,0,0,0,0.34,0.08,0.04,0.04
0,0.02,0,0,0,0,0.02,0,0.01,0,0,0,0.05,0,0.11,0.04
0,0.03,0.03,0,0,0,0,0,0,0,0,0,0,0.04,0.07,0.04
0,0.02,0,0,0,0.06,0,0,0,0,0,0,0.05,0,0.07,0
0,0,0,0,0,0,0,0,0,0,0,0,0.02,0,0.04,0
0,0,0,0,0,0,0,0,0,0,0,0,0.05,0,0,0
0,0,0,0.04,0,0,0,0,0,0,0,0,0.05,0,0,0
0,0,0,0,0,0,0.02,0,0,0,0,0,0,0,0,0
0,0,0,0.08,0,0,0,0,0,0,0.02,0,0,0,0,0
0,0,0,0.04,0,0,0,0,0,0,0,0,0.05,0,0,0
0,0,0,0.04,0,0,0,0,0,0,0,0,0,0,0,0
0,0,0,0,0,0,0,0,0,0,0,0,0,0,0,0
0,0,0,0,0,0,0,0,0,0,0,0,0,0,0,0
0,0,0,0,0,0,0,0,0,0,0,0,0,0,0,0
0,0,0,0.04,0,0,0,0,0,0,0,0,0,0,0,0
0,0,0,0,0,0,0,0,0,0,0,0,0,0,0,0
0,0,0,0,0,0,0,0,0,0,0,0,0.02,0,0,0
0,0,0,0,0,0,0,0,0,0,0,0,0,0,0,0
0,0,0,0.04,0,0,0,0,0,0,0,0.1,0,0,0,0
0,0,0,0.04,0,0,0,0,0,0,0.02,0,0,0,0,0
0,0,0,0.04,0,0,0,0,0,0,0,0,0,0,0,0
0,0,0,0.04,0,0,0,0,0,0,0,0,0,0,0,0
0,0,0,0,0,0,0,0,0,0,0,0,0,0,0,0
0,0.02,0,0,0,0,0,0,0,0,0,0,0,0,0,0
0.02,0,0,0.04,0,0,0,0,0,0,0,0,0,0,0,0
0,0.02,0.06,0,0,0,0,0,0,0,0,0,0,0,0,0
0,0,0,0.04,0,0,0,0,0.01,0,0.02,0,0.05,0,0,0
0,0,0.03,0.04,0,0,0,0,0,0,0,0,0.02,0,0,0
0,0,0,0,0,0,0,0,0,0,0,0,0,0,0,0
0,0,0,0,0,0,0,0,0,0,0,0,0,0,0,0
0,0,0.06,0.04,0,0,0,0,0,0,0,0,0.02,0,0,0
0,0,0,0,0,0,0,0,0,0,0,0,0,0,0,0
0,0,0,0.08,0,0,0,0,0.01,0,0,0,0.02,0,0,0
0,0,0,0,0,0,0,0,0,0,0,0,0,0,0,0.04
0,0,0,0.04,0,0,0,0,0,0,0,0,0,0,0,0
0,0,0,0.04,0,0,0.02,0.06,0.01,0,0,0,0.02,0,0,0
0.05,0.07,0.09,0.04,0,0,0,0,0.01,0,0,0,0,0,0.04,0
0.11,0.22,0,0.08,0,0,0,0,0.04,0.02,0.25,0,0.07,0.08,0.14,0.09
0.2,0.49,0.17,0,0,0,0.03,0.18,0.08,0.03,0.42,0,0.19,0,0.39,0.27
0.58,0.78,0.63,0.16,0.75,0.11,0.03,0.12,0.35,0.11,0.22,0,0.26,0.25,0.7,0.58
0.71,0.86,0.52,0.08,0.9,0.11,0.18,0.3,0.63,0.09,1.63,0,0.53,0.76,0.95,0.85
1.75,2.31,1.01,0.83,1.8,0.51,0.33,0.18,0.63,0.22,3.37,0,2.01,1.44,2.32,1.07
1.89,2.9,3.1,1.63,2.7,0,0.67,1.27,1.42,0.41,2.35,0.39,1.92,4.03,2.57,2.45
1.37,3.24,3.19,1.91,4.51,0.06,0.92,1.45,1.69,0.52,2.52,0.39,4.36,4.84,1.62,2.4
0.6,2.25,3.97,1.87,3.6,0.11,0.95,2.9,1.21,0.48,2.18,0.29,6.18,3.57,1.41,2.94
0.49,0.73,2.3,1.43,3,0,0.7,1.03,0.79,0.3,1.44,0.39,7.95,2.67,1.02,2.27
0.3,0.51,1.21,0.6,1.8,0.06,0.26,0.3,0.5,0.24,1.14,0.2,4.86,2.46,0.28,1.02
0.28,0.23,0.72,0.36,1.65,0,0.21,0.36,0.38,0.14,0.42,0,2.25,0.64,0.21,0.53
0.04,0.15,0.17,0.04,2.1,0,0.03,0.18,0.16,0.07,0.17,0,1.1,0.47,0,0.22
0.03,0.12,0.09,0.08,0.6,0.06,0.07,0.06,0.05,0.04,0.02,0,0.55,0.17,0.04,0.13
0.06,0.05,0,0,0,0,0.02,0,0.01,0,0.05,0.2,0.57,0.08,0,0.04
0,0,0,0.04,0.45,0,0,0,0.03,0,0.05,0,0.12,0.04,0,0.18
0,0.04,0.03,0.04,0.15,0,0.02,0,0,0,0.05,0,0.02,0.04,0,0.09
0,0,0,0,0,0,0.02,0,0.03,0,0.02,0,0.02,0,0.04,0
0,0,0.09,0,0,0,0.07,0,0,0,0,0,0.05,0,0,0.09
0,0,0.06,0,0,0,0.02,0,0.01,0,0.05,0,0,0,0,0.04
0,0,0,0,0,0,0,0,0,0,0,0,0,0,0.04,0
0,0,0.03,0,0,0,0,0,0,0,0,0,0,0,0,0
0,0,0,0.04,0,0,0,0,0,0,0,0,0,0,0,0
0,0,0.03,0,0,0,0,0,0,0,0,0,0,0,0,0
0,0,0,0.04,0,0,0,0,0,0,0,0,0,0,0,0
0,0,0,0.04,0,0,0,0,0,0,0,0,0,0,0,0
0,0,0,0,0,0,0,0,0,0,0,0,0,0,0,0
0,0,0,0.04,0,0,0,0,0,0,0,0,0,0,0,0
0,0,0,0,0,0,0.02,0,0,0,0,0,0,0,0,0
0,0,0,0,0,0,0,0,0,0,0,0,0,0,0,0
0,0,0,0,0,0,0,0,0,0,0,0,0,0,0,0
0,0,0,0,0,0,0,0,0,0,0.05,0,0,0,0,0
0,0,0,0.04,0,0,0,0,0,0,0,0,0,0,0,0
0,0,0.03,0.04,0,0,0.02,0,0,0,0,0,0,0,0,0
0,0,0,0.12,0,0,0,0,0,0,0,0,0,0,0,0
0,0,0,0,1.35,0,0,0,0,0,0,0,0,0,0,0
0,0,0,0,0.3,0,0,0,0,0,0,0,0,0,0,0
0,0,0,0,0.3,0,0.03,0,0,0,0,0,0,0,0,0
0,0,0,0.04,0,0,0,0,0,0,0,0,0,0,0,0
0,0,0,0,0,0,0.05,0,0,0,0,0,0,0,0,0
0,0,0.06,0,0,0,0.03,0,0.03,0,0,0,0,0,0,0.04
0.02,0,0,0.08,0.3,0,0.03,0,0,0,0,0,0,0,0,0.04
0,0,0.09,0.08,0.15,0,0.05,0,0,0,0,0,0.02,0,0,0
0.02,0,0.03,0,0.15,0,0,0,0.01,0,0.07,0,0.02,0,0,0
0,0,0.11,0.08,0.3,0,0,0,0,0,0.1,0,0.02,0,0,0
0.02,0,0,0,0,0,0.05,0,0,0,0.27,0.1,0,0.04,0.04,0.04
0.1,0.03,0.03,0,0,0,0.02,0.12,0,0.02,0.22,0,0.07,0.04,0,0
0.07,0.06,0.06,0.12,0,0,0.03,0,0.01,0.03,0.47,0,0.07,1.06,0.04,0
0.13,0.08,0,0.04,0,0,0.02,0,0.01,0.08,0.89,0,0.1,0.81,0.11,0.04
0.08,0.03,0.03,0,0.45,0,0.05,0,0.03,0.02,0.4,0.1,0.02,0.68,0.07,0
0.1,0.05,0.06,0.08,0,0,0.03,0,0.03,0.07,0.67,0,0.05,0.21,0.04,0
0.07,0.06,0.06,0.04,0,0,0.08,0.12,0.15,0.03,1.11,0,0.12,0.34,0.04,0.13
0.35,0.15,0.26,0.24,0.15,0,0.13,0.06,0.19,0.16,0.92,0.39,0.57,0.25,0.46,0.04
0.49,0.38,0.23,0.16,0.15,0,0.18,0.12,0.3,0.12,0.89,0.59,0.84,0.38,0.18,0.18
0.32,0.3,0.75,0.2,0.45,0.06,0.28,0.06,0.55,0.18,1.19,0.2,1.63,1.1,0.18,0.22
0.45,0.42,0.29,1.07,1.35,0.17,0.18,0.42,0.62,0.12,1.26,0.2,3.31,1.83,0.21,0.22
0.51,0.64,0.49,0.28,1.5,0,0.36,0.3,0.54,0.16,0.84,0.2,1.96,1.83,0.21,0.22
0.35,0.56,0.4,0.2,3,0.11,0.16,0.18,0.66,0.05,0.89,0,2.01,0.64,0.28,0.13
0.37,0.4,0.4,0.16,1.5,0.11,0.15,0.06,0.35,0.08,0.45,0.1,0.81,0.34,0.14,0.18
0.34,0.4,0.26,0.28,1.35,0,0.15,0.24,0.3,0.07,0.64,0.2,1.13,0.38,0.18,0.27
0.36,0.2,0.29,0.36,0,0.06,0.13,0.06,0.29,0.16,0.69,0.2,0.72,0.85,0.32,0.31
0.32,0.11,0.32,0.36,0,0.68,0.07,0.42,0.5,0.06,0.4,0,0.6,0.55,0.21,0.22
0.19,0.2,0.29,0.04,0.45,0.06,0.02,0.3,0.23,0.04,0.22,0,0.19,0.51,0.11,0.09
0.1,0.04,0.06,0,0.15,0,0.03,0,0.09,0.01,0.22,0,0.24,0.17,0.07,0.18
0.06,0.02,0,0.12,0,0,0.02,0,0,0.01,0.07,0,0.02,0,0.04,0.09
0,0,0,0.08,0,0,0.05,0,0,0,0,0,0.05,0.08,0,0
0.06,0,0,0.04,0,0,0,0,0.04,0,0,0,0.05,0,0.04,0
0.02,0,0,0.16,0,0,0,0,0,0,0,0,0.05,0,0.07,0
0,0,0.03,0.16,0,0,0,0.06,0,0,0,0,0.02,0,0.04,0
0,0,0,0.24,0,0,0,0,0,0,0,0,0,0,0,0
0,0,0,0,0,0,0,0,0,0,0,0,0,0,0,0
0,0,0,0.04,0,0,0,0,0.01,0,0,0,0,0.04,0,0
0,0,0,0,0,0,0,0,0,0,0,0,0,0,0,0
0,0,0,0.08,0,0,0,0,0,0,0,0,0,0,0,0
0,0,0,0.08,0,0,0,0,0,0,0,0,0,0,0,0
0,0,0,0.04,0,0,0,0,0,0,0,0,0,0,0,0
0,0,0,0.04,0,0,0,0,0.03,0,0,0,0,0,0,0
0,0,0,0.08,0,0,0,0,0,0,0,0,0,0,0,0
0,0,0,0.04,0,0,0,0,0,0,0,0,0.02,0,0,0
0,0,0,0.04,0,0,0,0,0,0,0,0,0,0,0,0
0,0,0,0.04,0,0,0,0,0,0,0,0,0,0,0,0
0,0,0,0,0,0,0,0,0,0,0,0,0,0,0,0
0,0,0,0,0,0,0,0,0,0,0,0,0,0,0,0
0,0,0.03,0.08,0,0,0,0,0,0,0,0,0,0,0,0
0,0,0.03,0,0,0,0,0,0,0,0,0,0,0,0,0
0,0,0,0.08,0,0,0,0,0,0,0,0,0,0,0,0
0,0,0.03,0.04,0,0,0,0,0,0,0,0,0,0,0,0
0,0,0,0.08,0,0,0,0,0,0,0,0,0,0,0,0
0,0,0,0,0,0,0,0,0,0,0,0,0.02,0,0,0
0,0,0.03,0.04,0,0,0,0,0,0,0,0,0.02,0,0,0
0,0,0.03,0.04,0,0,0,0,0,0,0,0,0,0,0,0
0,0,0.03,0.08,0,0,0,0,0,0,0,0,0,0,0,0
0,0,0.03,0.08,0,0,0,0,0,0,0,0,0,0,0,0
0,0,0,0.12,0.15,0,0,0,0,0,0,0,0.07,0,0,0
0,0,0,0.12,0,0,0,0,0,0,0,0,0,0,0,0
0,0,0,0.08,0,0,0,0,0,0,0,0,0,0,0,0
0,0,0,0.08,0,0,0,0,0,0,0,0,0,0,0,0.04
0,0,0,0.08,0,0,0.02,0,0,0,0,0,0,0,0,0
0,0,0.03,0.08,0.3,0,0,0,0,0,0,0,0,0,0,0
0,0,0.11,0.04,0.15,0,0,0,0,0,0,0,0.02,0,0,0
0,0.02,0.06,0.04,0.15,0,0,0,0,0,0.02,0,0.02,0,0,0.13
0.06,0.04,0.09,0,0,0,0,0,0.01,0,0.02,0.1,0.02,0,0,0.04
0.06,0.06,0.23,0,0,0,0,0.06,0.03,0,0,0,0,0,0,0
0.07,0.03,0.11,0.12,0,0,0.03,0,0,0.02,0.02,0,0.05,0,0,0.09
0.07,0.06,0.2,0.2,0,0,0,0,0.01,0.01,0.15,0,0.12,0,0,0
0.19,0.13,0.32,0.12,0,0.06,0.02,0,0.05,0,0.2,0,0.19,0,0.14,0.13
0.34,0.4,0.49,0.28,0.6,0,0,0.18,0.3,0.04,0.35,0,0.26,0,0.18,0.18
1.32,0.69,0.26,0.32,0.75,0.06,0.11,0,0.96,0.15,0.74,0.1,0.65,0.08,0.14,0.27
1.7,1.13,0.95,0.95,3,0.17,0.11,0,1.3,0.26,1.21,0,1.08,0.08,0.35,0.49
2.18,1.3,1.24,2.18,2.7,0.06,0.33,0.72,2.14,0.45,3.09,0.39,1.58,0.68,0.74,0.93
2.37,2.33,1.93,2.74,0.75,1.13,0.82,0.78,3.89,0.58,4.88,0.29,3.19,2.04,1.76,2.8
3.1,2.9,2.39,2.34,1.95,1.02,0.79,1.69,4.51,0.42,4.58,0.59,7.5,3.27,1.94,3.51
2.47,3.06,2.76,2.1,1.8,0.9,0.8,2.11,4,0.45,4.9,0.69,10.28,3.52,1.83,4
2.43,2.68,2.62,2.3,1.35,0.68,0.54,1.63,3.82,0.28,3.34,0.98,16.22,6.2,2.32,4.05
0.98,1.15,1.55,1.71,1.05,0.06,0.21,1.03,1.5,0.17,1.68,0.39,11.12,3.27,1.62,1.82
0.31,0.58,0.57,0.64,0.15,0,0.13,0.36,0.66,0.07,0.74,0,4.65,1.78,0.7,0.44
0.15,0.18,0.11,0.32,0,0,0.02,0.06,0.34,0.02,0.2,0,2.49,0.64,0.81,0.44
0.03,0.05,0.17,0.16,0,0,0.02,0,0.29,0,0.2,0,0.74,0.21,0.21,0.18
0.02,0.03,0.06,0.08,0,0.06,0.03,0,0.2,0.01,0.1,0,0.22,0.17,0.18,0
0,0,0.09,0.08,0,0,0,0,0.11,0,0,0,0.17,0.17,0.07,0
0.03,0,0.03,0.04,0,0,0,0,0.04,0,0,0,0.05,0.21,0,0
0,0,0.09,0,0,0,0,0,0.09,0,0.05,0,0.02,0,0.04,0
0,0,0,0.08,0,0,0,0,0.01,0,0,0,0.02,0.55,0,0
0,0,0.03,0.08,0,0,0,0,0.03,0,0,0,0,2.55,0.04,0
0,0,0,0.12,0,0,0.02,0,0,0.01,0,0,0,0.04,0,0
0,0,0,0.12,0,0,0,0,0.05,0,0,0,0,0,0.04,0
0,0,0,0.04,0,0,0,0,0,0,0,0,0,0,0,0
0,0,0,0.04,0,0,0,0,0,0,0.02,0,0,0,0,0
0,0,0,0,0,0,0,0,0.01,0,0,0,0,0,0,0
0,0,0.09,0,0,0,0,0,0,0,0,0,0,0,0,0
0,0,0,0,0,0,0,0,0,0,0,0,0,0,0,0
0,0,0,0.04,0,0,0,0,0,0,0,0,0,0.04,0,0
0,0,0,0,0,0,0,0,0,0,0,0,0,0,0,0
0,0,0,0.04,0,0,0,0,0,0,0,0,0,0,0,0
0,0,0.03,0,0,0,0,0,0,0,0,0,0,0,0,0
0,0,0,0,0,0,0,0,0,0,0,0,0,0.04,0,0
0,0,0,0,0,0,0,0,0,0,0,0,0,0,0,0
0,0,0,0,0,0,0,0,0,0,0,0,0,0,0,0
0,0,0,0.04,0,0,0,0,0,0,0,0,0,0,0,0
0,0,0.03,0.08,0,0,0,0,0,0,0,0,0.07,0,0,0
0,0,0.03,0,0,0,0,0,0.03,0,0.02,0,0,0,0,0
0,0,0,0.04,0,0,0,0,0.01,0,0,0,0,0.04,0,0
0,0,0,0,0,0,0,0,0,0,0,0,0,0,0,0
0.02,0,0,0,0,0,0,0,0.01,0,0,0,0,0,0,0
0,0,0,0,0,0,0,0,0,0,0,0,0,0,0,0
0,0.02,0.03,0.12,0,0,0,0,0,0.01,0,0,0,0,0,0
0,0,0,0.08,0,0,0,0,0.01,0,0,0,0,0,0,0
0,0,0,0.04,0,0,0,0,0.01,0,0.05,0,0,0.04,0,0
0,0,0,0.04,0,0,0,0,0,0,0,0,0,0,0.04,0.04
0,0.02,0,0.08,0,0,0,0.06,0,0,0,0,0.02,0,0,0
0,0.02,0.03,0.08,0,0,0,0,0.01,0,0,0,0,0,0,0
0.06,0.02,0,0.04,0,0,0,0,0.01,0,0,0,0,0,0,0
0,0.02,0,0.04,0,0,0,0,0,0,0.02,0,0.02,0,0,0
0,0,0,0,0,0,0,0,0,0,0.02,0,0,0,0,0
0,0,0,0,0,0,0,0,0.01,0,0,0,0,0,0,0
0.02,0.02,0,0.08,0,0.06,0,0,0.06,0,0,0.1,0.02,0.04,0,0
0.02,0.04,0,0,0,0,0,0,0,0,0.02,0,0.07,0.04,0,0.04
0.02,0.02,0,0.04,0,0,0,0,0.04,0,0.02,0,0,0.04,0,0
0.08,0.09,0,0,0.15,0,0,0,0.06,0.02,0,0,0,0,0,0
0.16,0.02,0.03,0.08,0.15,0.06,0.02,0,0.11,0.02,0.05,0.29,0.12,0.08,0.11,0
0.09,0.1,0.09,0.04,0,0,0,0,0.13,0.02,0.1,0.2,0.07,0.17,0,0
0.17,0.22,0.09,0.04,0,0,0.03,0.06,0.23,0.06,0.1,0.39,0.07,0.38,0.07,0.04
0.17,0.25,0.14,0.12,0.3,0.06,0.02,0,0.23,0.08,0.17,0.1,0.07,0.55,0.18,0.4
0.21,0.32,0.14,0.24,0.3,0,0.1,0.12,0.49,0.15,0.27,0.2,0.17,0.55,0.56,0.58
0.27,0.72,0.43,0.32,0.15,0.11,0.08,0,0.84,0.26,0.69,0.39,0.46,0.55,1.09,0.8
0.4,0.68,0.6,0.48,0.15,0.11,0.28,0.18,1.69,0.28,1.29,0.29,0.72,1.4,1.83,0.62
0.71,1.55,1.64,0.28,0.75,0.4,0.2,0.36,1.53,0.37,1.78,0.39,0.93,2.17,0.7,0.31
0.41,1.68,1.7,1.19,0.75,0.4,0.34,0.3,0.88,0.17,1.04,0,1.34,2.21,0.74,0.31
0.22,0.86,1.01,0.32,0.6,0.62,0.15,0.12,0.49,0.1,0.79,0,0.81,1.83,0.35,0.27
0.15,0.53,0.49,0.12,0,0.11,0.02,0.06,0.32,0.03,0.67,0,0.74,1.06,0.21,0.13
0.1,0.21,0.32,0.16,0,0.34,0,0.06,0.11,0.03,0.22,0,0.34,0.64,0.28,0.04
0.02,0.1,0.17,0,0,0.06,0.02,0,0.15,0,0.1,0,0.19,0.25,0.07,0.18
0,0.19,0.11,0.04,0,0,0,0,0.2,0,0,0,0.02,0.04,0,0.09
0,0.04,0.03,0,0,0,0,0,0.03,0,0.02,0.1,0,0.17,0,0
0,0.02,0,0.04,0,0,0,0,0,0,0,0,0,0.04,0.04,0.04
0,0.02,0,0.08,0,0,0.02,0,0,0,0.02,0,0,0.04,0,0.04
0,0,0,0,0,0,0,0,0.01,0,0,0,0,0,0,0.09
0,0,0,0,0,0,0,0,0.01,0,0.02,0,0,0,0,0
0,0,0,0,0,0,0,0,0,0,0,0,0,0,0,0
0,0,0,0,0,0,0,0,0,0,0,0,0,0,0,0
0,0,0,0.04,0,0,0,0,0,0,0,0,0,0,0,0
0,0,0,0.04,0,0,0,0,0,0,0,0,0,0,0,0
0,0,0,0.04,0,0,0,0,0,0,0,0,0,0,0,0
0,0,0,0.04,0,0,0,0,0,0,0,0,0,0,0,0
0,0,0,0,0,0,0,0,0,0,0,0,0,0,0,0
0,0,0,0.04,0,0,0,0,0,0,0,0,0,0,0,0
0,0.02,0,0,0,0,0,0,0,0,0,0,0,0,0,0
0,0,0,0,0,0,0,0,0.01,0,0,0,0,0,0,0
0,0,0,0.04,0,0,0,0,0,0,0,0,0,0,0,0
0,0,0,0.04,0,0,0,0,0,0,0,0,0,0,0,0
0,0,0,0.04,0,0,0,0,0,0,0,0,0,0,0,0
0,0,0,0,0,0,0,0,0,0,0,0,0,0,0,0
0,0,0.03,0,0,0,0,0,0,0,0,0,0,0,0,0
0,0,0,0,0,0,0,0,0,0,0,0,0,0.04,0.04,0
0,0,0,0,0,0,0,0,0,0,0,0,0,0,0,0
0,0,0.03,0.04,0,0,0,0,0,0,0,0,0,0,0,0
0,0,0,0.04,0,0,0.02,0,0,0,0.02,0,0.02,0,0,0
0,0,0,0.04,0,0.06,0,0,0,0,0,0,0.02,0,0,0.04
0,0,0,0,0,0,0,0,0.01,0,0,0,0,0,0,0
0,0,0,0.04,0,0,0,0,0.01,0,0.02,0,0,0,0,0
0,0,0,0,0,0,0,0.06,0,0,0,0,0,0,0,0
0,0,0,0,0,0,0,0,0,0,0.02,0,0.02,0,0,0
0.02,0,0,0,0,0,0,0.06,0,0,0.02,0,0,0,0,0
0,0,0,0,0,0,0.02,0,0,0,0,0,0,0,0,0
0.02,0.02,0,0,0,0,0,0.06,0.04,0,0.12,0,0,0,0,0
0,0,0,0,0,0,0,0,0.03,0,0.02,0,0.07,0,0,0
0.02,0,0.03,0,0.3,0,0.02,0,0.03,0,0.12,0,0,0,0,0
0.06,0.06,0.03,0.04,0,0,0.02,0,0.01,0.01,0.22,0,0.05,0,0,0.04
0.23,0.06,0.06,0.08,0.15,0.06,0,0.06,0.14,0,0.4,0,0.14,0.04,0,0.04
0.36,0.22,0.14,0.2,0,0,0.03,0.54,0.1,0.03,0.87,0,0.14,0.17,0.04,0.09
0.87,0.55,0.49,0.08,0.3,0.34,0.28,0.66,0.21,0.08,1.44,0,0.62,0.17,0.11,0.31
2.15,2,0.66,0.68,1.35,1.52,0.49,0.97,0.96,0.3,3.07,0.2,0.89,0.17,0.28,0.67
3.5,3.31,1.67,1.19,0.75,1.98,0.87,2.9,2.07,0.68,4.65,0.1,2.66,0.21,0.77,1.02
3.6,5.08,2.62,2.9,1.8,2.2,1.52,4.22,3.82,0.99,5.17,0.2,2.8,2.21,0.99,5.2
4.17,6.47,6.04,4.77,3.15,0.9,2.13,9.11,4.08,2.01,7.47,0.88,6.16,6.28,1.3,8.59
3.48,5.35,9.05,5.36,2.55,2.09,1.64,11.41,5.6,2.01,5.87,0.59,7.76,6.67,3.1,7.07
2.3,4.1,4.97,3.85,1.95,0.9,1,6.4,3.38,1.49,4.33,2.15,8.7,6.33,3.45,6.81
1.68,2.5,2.5,1.43,0.9,0.11,0.54,2.47,2.42,0.86,2.35,0.98,6.37,5.35,1.41,5.03
0.94,1.26,2.59,2.03,0.45,0.11,0.44,2.35,2.27,0.46,1.68,0.1,5.97,5.14,1.23,2.62
0.31,0.48,0.63,2.1,0,0.11,0.21,0.66,0.59,0.17,0.59,0.1,2.25,0.68,0.46,1.73
0.06,0.26,0.32,0.6,0,0.06,0.02,0,0.29,0.07,0.17,0,0.57,0.72,0.35,0.85
0.06,0.14,0.14,0.08,0,0.11,0.03,0.12,0.25,0.03,0.07,0,0.77,0.17,0.14,0.13
0.02,0.06,0.06,0.04,0,0,0.07,0,0.06,0,0.07,0,0.17,0,0.04,0.04
0,0,0.03,0,0.15,0,0.02,0,0.01,0,0.02,0,0.22,0.04,0,0
0,0,0,0.12,0,0,0,0,0,0,0.02,0,0,0.04,0,0
0,0,0,0,0,0,0,0,0,0,0,0,0,0,0,0
0,0.02,0.03,0,0,0,0,0,0,0,0,0,0,0,0,0
0,0.02,0,0,0,0,0,0,0,0,0,0,0,0,0,0
0,0,0,0,0,0,0,0,0,0,0.02,0,0,0,0,0
0,0,0,0,0,0,0,0,0,0,0,0,0,0,0,0
0,0,0.03,0,0,0,0,0,0,0,0,0,0.02,0,0,0
0,0,0,0,0,0,0,0,0.06,0,0,0,0.02,0,0,0
0,0,0,0,0,0,0,0,0.01,0,0,0,0,0,0,0
0,0,0,0,0,0,0.02,0,0,0,0,0,0,0,0,0
0,0,0,0.08,0,0,0,0,0,0,0,0,0,0,0,0
0,0,0,0.04,0,0,0,0,0,0,0,0,0,0,0,0.04
0,0,0,0,0,0,0,0,0,0,0,0,0,0,0,0
0,0,0,0,0,0,0,0,0,0,0,0,0,0.04,0,0
0,0,0,0,0,0,0,0,0,0,0,0,0,0,0,0
0,0,0,0,0,0,0.02,0,0,0,0.02,0,0,0,0,0
0,0,0,0.04,0,0,0,0,0,0,0,0,0,0,0.07,0
0,0,0,0,0,0,0,0,0,0,0,0,0,0,0,0
0,0,0,0,0,0,0,0,0,0,0,0,0,0,0,0.04
0,0,0,0,0,0,0,0,0,0,0,0,0.1,0,0,0.04
0,0,0,0,0,0,0,0,0.01,0,0,0,0,0,0,0
0,0,0,0.08,0,0,0,0,0,0,0,0.1,0,0,0,0.04
0,0,0,0,0,0,0,0,0,0,0.02,0,0,0,0,0
0,0,0,0,0,0,0,0,0,0,0,0,0,0,0,0.04
0,0,0.03,0,0,0,0.02,0,0,0,0,0,0,0,0,0
0,0,0,0,0,0,0,0,0.01,0,0,0,0.02,0,0,0
0,0.02,0,0,0,0,0,0,0,0,0,0.1,0.14,0,0,0.04
0,0,0,0,0,0,0,0,0.01,0,0,0.1,0,0.04,0,0.04
0,0.02,0,0,0,0,0,0,0.03,0,0,0,0.1,0,0,0.13
0,0.07,0.03,0,0,0,0,0,0.01,0,0,0,0.02,0,0,0
0,0.02,0.03,0.04,0,0,0,0,0,0,0,0,0.05,0.04,0,0.04
0,0.21,0.06,0.08,0,0.06,0,0,0,0,0,0,0.05,0.21,0,0.04
0.03,0.25,0.03,0.04,0,0,0.02,0.18,0.05,0.01,0.02,0,0.07,0.13,0,0.18
0.06,0.14,0.06,0,0.15,0.06,0,0,0.05,0,0.1,0,0.02,0.08,0,0
0.03,0.18,0,0,0.15,0,0,0,0.04,0.01,0.02,0,0.07,0,0,0
0.37,0.57,0.14,0.28,0.15,0,0.02,0,0.11,0.04,0.17,0.29,0.26,0.38,0.07,0.13
0.9,1.73,1.01,0,0.3,0.23,0.08,0.12,0.39,0.14,0.37,0.2,1.05,0.85,0.07,0.71
1.79,3.42,2.33,0.44,0,2.15,0.43,0.36,0.79,0.23,1.53,0.59,1.89,1.23,0.14,0.98
1.94,4.73,1.81,1.51,0.45,0.85,0.77,1.87,1.02,0.65,3.34,0.69,2.32,1.02,0.88,1.07
2.38,2.82,2.24,1.43,0.6,2.71,1,1.39,1.27,0.83,4.38,0.29,2.47,0.93,1.02,1.87
2.77,2.89,2.7,1.59,0.3,1.19,1.16,1.21,1.64,1.21,5.45,1.96,2.3,1.23,1.65,1.69
2.38,3.11,2.7,2.82,1.5,2.09,1.11,1.45,1.74,1.33,4.7,0.59,2.08,2.25,1.37,3.02
2.88,3.99,2.18,1.67,0.75,1.69,1.18,3.02,1.87,1.27,3.74,1.37,3.19,3.31,0.92,3.65
1.58,2.99,1.55,1.63,1.95,1.35,0.54,2.35,1.54,0.65,2.67,0.69,1.89,2.38,0.84,2.85
1.61,1.94,1.15,1.39,1.05,0.68,0.46,1.63,1.07,0.54,1.49,0.49,2.64,3.35,0.32,1.69
0.9,1.07,0.66,1.19,0.3,1.07,0.25,1.03,0.43,0.2,0.79,0,1.58,1.61,0.32,1.69
0.41,0.53,0.09,0.36,0.15,0.28,0.13,0.72,0.35,0.16,0.42,0,1.17,1.49,0.14,0.58
0.26,0.51,0.34,0.12,0.15,0.23,0.18,1.03,0.3,0.07,0.35,0.1,1.13,1.74,0.11,0.58
0.16,0.26,0.37,0.16,0,0.06,0.18,0.3,0.15,0.08,0,0,0.46,1.06,0.04,0.36
0.09,0.49,0.06,0.12,0,0.11,0.02,0.66,0.14,0.06,0.15,0.29,0.62,1.06,0.04,0.18
0.08,0.06,0.11,0.08,0.45,0.11,0,0.18,0.18,0.04,0.05,0.1,0.48,0.38,0.07,0.27
0.05,0.05,0.43,0,0,0,0.05,3.26,0.08,0.06,0.37,0,0.1,0.13,0.14,0.04
0,0.02,0,0.04,0,0,0,0,0.05,0.02,0.02,0,0.12,0.25,0.07,0.09
0,0,0,0,0,0,0,0,0.01,0,0,0,0.02,0.04,0.11,0.04
0,0,0,0,0,0.06,0,0,0.04,0,0.07,0,0.07,0.04,0,0
0,0,0,0.04,0,0,0,0,0,0,0.02,0,0.02,0,0.04,0
0,0,0,0,0,0,0,0,0,0,0,0,0.02,0.04,0.04,0
0,0,0,0,0,0,0,0,0.01,0,0.02,0,0.05,0,0,0
0,0,0,0,0,0,0,0,0,0,0,0,0,0,0,0
0,0,0,0,0,0,0,0,0.01,0,0,0,0.02,0,0,0
0,0.02,0,0,0,0,0,0,0,0,0,0,0,0,0,0
0,0,0,0,0,0,0,0,0,0,0,0,0,0,0,0
0,0,0,0,0,0,0,0,0,0,0,0,0,0,0,0.04
0,0,0,0.04,0,0,0,0,0.01,0,0,0,0,0,0,0
0,0,0,0,0,0,0,0,0,0,0,0,0,0,0,0
0,0,0,0,0,0,0,0,0,0,0,0,0,0,0,0
0,0,0,0,0,0,0,0,0,0,0,0,0.02,0,0,0.04
0,0,0,0,0,0,0,0,0,0,0,0,0,0,0,0
0,0,0,0,0,0,0,0,0,0,0,0,0,0,0,0
0,0.02,0,0,0,0,0,0,0,0,0,0,0,0,0,0
0,0,0,0,0,0,0,0,0,0,0,0,0,0.04,0,0
0,0,0,0,0,0,0,0,0.01,0,0,0,0,0,0,0
0,0,0,0,0,0,0,0,0.01,0,0,0,0.02,0,0,0.04
0,0,0,0,0,0.06,0,0.06,0,0,0,0,0,0,0,0
0,0,0,0,0,0,0,0,0,0,0.05,0,0.05,0,0,0
0,0,0,0,0,0,0,0.06,0,0,0,0,0,0,0,0.09
0,0.02,0,0,0,0,0,0.18,0,0,0,0,0,0,0.04,0
0,0.03,0,0.04,0,0,0,0.06,0.01,0,0.02,0,0,0,0,0
0,0.03,0,0,0,0,0,0,0,0,0,0,0,0,0.04,0
0.02,0.02,0,0,0,0,0,0,0.03,0,0,0,0.02,0,0,0
0,0.08,0,0,0,0,0,0.06,0.01,0,0,0,0,0.04,0,0.09
0,0.04,0,0,0,0,0,0,0.05,0,0,0,0,0,0.04,0.04
0.02,0.43,0.14,0.12,0,0,0.03,0,0.11,0.01,0,0.1,0.02,0,0.04,0.76
0.06,0.37,0.17,0,0,0,0.02,0.18,0.42,0.12,0,0.29,0.12,0.13,0.11,0.18
0.22,0.65,0.34,0.08,0,0.11,0.02,0.36,0.93,0.22,0.12,0.29,0.1,0.38,0.14,0.27
0.08,0.59,0.17,0.12,0.15,0.23,0.05,0.18,1.01,0.12,0.17,0.2,0.22,0.13,0.04,0.36
0.18,0.36,0.6,0.28,0.15,0.06,0.08,0.24,0.78,0.26,0.22,0.1,0.14,0,0.07,0.36
0.35,0.74,1.55,0.32,0.75,0.51,0.13,1.33,2.79,0.36,0.99,0.49,0.81,0.17,0.46,1.25
1.16,2.41,5.2,2.5,1.5,2.77,0.64,7.85,3.29,0.82,4.08,0.69,4.22,2.51,1.3,7.07
4.22,6.89,8.13,6.08,1.8,4.06,1.96,8.63,4.52,1.34,6.63,0.59,11.48,5.56,1.76,9.56
5.87,9.06,7.5,5,3.3,3.33,2.13,9.11,3.62,1.04,9.18,2.64,14.21,7.69,1.65,11.57
7.74,12.38,4.83,4.77,1.95,2.94,3.29,7.18,3.87,1.2,9.78,2.64,15.12,7.35,1.94,8.99
6.93,12.03,1.78,3.53,2.7,1.52,2.4,5.49,3.2,1.07,7.47,2.45,10.35,4.29,2.18,6.01
5.11,6.96,1.61,2.62,2.25,1.13,1.52,1.69,2.34,0.51,4.31,2.25,4.67,4.33,1.09,3.34
2.45,3.85,1.81,1.71,2.1,0.96,1.28,1.03,1.87,0.44,2.4,0.69,2.59,4.25,0.63,2.14
1.61,2.09,1.49,1.55,0.9,0.79,0.62,2.41,1.76,0.26,2.5,0.59,2.61,3.44,0.92,2.85
0.8,0.83,0.95,0.91,0.15,0.51,0.44,0.36,1.25,0.21,0.82,0,1.89,2.25,0.84,1.07
0.51,0.44,1.03,0.56,0.15,0.23,0.36,0.06,0.47,0.23,0.4,0,1.17,1.06,0.6,1.07
0.14,0.18,0.46,0.24,0.15,0.23,0.16,0,0.64,0.17,0.27,0.1,1.46,0.64,0.28,0.31
0.08,0.09,0.17,0.16,0,0,0.1,0.18,0.29,0.06,0.25,0,0.57,1.27,0.11,0.04
0.04,0.06,0.03,0,0,0.17,0.02,0,0.1,0.03,0,0,0.43,0.42,0.07,0.13
0,0.03,0,0,0,0.06,0.03,0,0.06,0.02,0,0,0.29,0.08,0,0
0,0,0,0.04,0,0,0,0,0.04,0,0.05,0,0.02,0.04,0,0
0,0.07,0.2,0.32,0,0.06,0.03,0,0.06,0.02,0,0,0.02,0.13,0.07,0
0.08,0.11,0.11,0.08,0,0.11,0.05,0,0.01,0.04,0.05,0,0.12,0.08,0.04,0.04
0,0.08,0.03,0.04,0,0.06,0.02,0.06,0.03,0.02,0,0,0,0,0,0
0.02,0.04,0,0,0,0.17,0.02,0,0.05,0.03,0,0,0.02,0.08,0.04,0
0.05,0.06,0.03,0,0,0,0.05,0,0.03,0.03,0.02,0,0.02,0.04,0,0.04
0.08,0.13,0.03,0,0,0.17,0.1,0,0.03,0.07,0.1,0,0.05,0,0,0.27
0.14,0.23,0.09,0.04,0,0.06,0.11,0.06,0.08,0.46,0.15,0,0.07,0.04,0.04,0.04
0.32,0.48,0.14,0.08,0.15,0,0.05,0.06,0.13,0.43,0.05,0,0.05,0,0.07,0.31
0.24,0.23,0.09,0.04,0,0.23,0.07,0.12,0.09,0.4,0.07,0,0.14,0.04,0.18,0.09
0.19,2.76,0.34,0,0,0.06,0.23,0,0.18,0.31,0.25,0,0.19,0.08,0.18,0.04
0.35,0.59,0.32,0.2,0.75,0.11,0.18,0,1.42,0.47,0.4,0.2,0.43,0.21,0.63,0.22
1.14,1.26,1.32,0.52,1.05,0.28,0.82,1.33,4.3,2.01,0.52,3.33,0.46,0.93,1.13,0.85
2.03,1.96,1.55,0.91,3.15,0.85,3.12,1.39,6.18,6.8,3.24,4.11,0.89,1.83,4.26,1.87
3.26,2.23,2.73,2.38,5.56,4.74,2.93,1.99,7.21,6.58,6.19,5.29,1.53,3.44,5.77,1.82
3.01,2.07,2.07,2.62,3.75,4.35,2.29,0.84,5.52,4.56,5.37,4.99,1.2,2.25,4.08,1.96
4.21,2.5,1.01,1.55,2.1,4.8,1.6,0.97,3.19,3.42,4.53,2.94,1.27,1.27,3.03,1.2
4.35,2.56,1.7,1.75,1.8,2.99,1.14,0.6,1.8,2.21,3.22,1.08,0.84,1.23,2.22,0.58
3.81,2.02,1.18,1.35,0.9,2.37,1.24,0.3,1.49,1.9,2.5,0.69,0.93,0.76,1.09,0.76
2.77,1.87,1.47,1.79,1.35,1.24,0.77,1.09,1.01,1.36,1.24,1.27,0.6,1.15,1.76,0.67
1.9,1.54,1.9,1.15,2.7,1.58,0.77,0.72,1.2,0.99,1.53,1.47,0.65,0.89,0.84,2.89
1.24,1.96,1.78,1.51,0.3,1.3,0.65,0.18,0.68,0.62,1.31,0.39,0.29,0.59,0.7,3.56
1.12,3.26,1.15,1.79,0.75,0.28,1.11,0.42,0.73,0.58,1.14,0.2,0.86,1.19,0.88,2.67
1.04,4.88,1.38,1.35,0.3,1.02,0.74,0.42,0.93,1.01,0.99,0.49,0.65,0.47,1.41,3.16
1.67,6.75,0.57,1.07,0.15,1.52,0.98,0.24,0.49,1.07,1.24,0.59,1.03,0.76,0.99,2.31
1.33,8.26,1.32,1.71,0,3.22,1.36,0.24,1.01,1.41,1.49,0.69,1.29,1.49,0.63,0.76
3.45,14.68,2.33,1.07,1.2,2.82,1.19,10.62,1.56,2.78,0.99,2.15,0.81,1.06,0.99,1.78
9.09,42.17,4.43,2.46,8.41,8.52,2.81,4.28,9.13,4.54,3.91,2.84,2.04,4.42,3.13,3.87
19.01,60.57,13.19,4.21,48.21,34.15,19.25,10.5,40.47,20.36,33.17,9.1,10.78,27.94,7.53,21.4
40.61,51.26,45.04,21.76,50.31,63,40.37,27.7,58.55,46.85,82.94,18.69,44.01,42.5,26.96,58.45
22.12,36.93,30.12,29.35,31.54,20.89,33.2,28.55,34.66,22.84,55.12,21.44,35.94,44.16,26.43,43.77
18.8,23.8,22.25,21.6,13.97,13.27,26.06,33.43,14.85,11.88,36.56,23.2,26.02,30.06,13.27,30.69
13.81,13.19,14.63,13.46,10.21,6.6,16.49,24.68,9.57,7.16,21.95,19.87,17.71,21.36,7.95,18.51
10.21,9.56,10.98,15.01,9.01,5.59,9.65,21.18,6.38,4.58,11.16,12.63,13.94,20.13,5.81,16.82
6.43,6.06,8.77,13.19,6.76,3.27,5.95,20.94,5.18,2.53,7.15,5.87,12.29,16.52,3.98,13.48
2.58,2.22,3.16,4.57,1.5,2.15,1.86,7.06,2.04,1.08,3.17,2.94,5.7,6.96,1.3,5.65
1.74,1.47,1.61,0.04,2.1,0.9,1.03,3.14,1.4,0.56,2.08,0.1,2.97,3.52,0.04,3.65
0.93,0.83,1.93,3.3,0.3,0.96,0.64,2.9,1.32,0.67,1.06,1.37,2.59,2.17,2.11,2.05
0.58,0.95,1.12,1.63,0.6,0.62,0.51,1.99,0.55,0.43,0.54,1.17,1.53,1.15,0.35,1.07
0.34,0.55,0.43,0.95,0.15,0.45,0.2,2.35,0.42,0.2,0.37,0.29,0.74,1.1,0.21,1.91
0.16,0.34,0.37,1.15,0.3,0.17,0.34,1.33,0.38,0.18,0.35,0.29,0.57,1.06,0.18,1.6
0.11,0.32,0.29,0.28,0.45,0.17,0.13,2.05,0.16,0.07,0.15,0,0.53,0.72,0.11,1.07
0.07,0.21,0.14,0.32,0,0,0.1,0.72,0.15,0.06,0.15,0.29,0.22,0.21,0.21,0.93
0.02,0.1,0.17,0.04,0,0.11,0.05,0.18,0.06,0.07,0.05,0.2,0.19,0.17,0.07,0.31
0.09,0.11,0.09,0.32,0,0.06,0.03,0.12,0.05,0.06,0.37,0.49,0.1,0.25,0.25,0.36
0,0.08,0.06,0.2,0,0,0.13,0.12,0.14,0.07,0.15,0.2,0.05,0.13,0,0.27
0.05,0.09,0.11,0.16,0,0.06,0.13,0.06,0.14,0.03,0.12,0.1,0.1,0.04,0.04,0
0.04,0.04,0.06,0.08,0,0,0.03,0.12,0.09,0.03,0.17,0.2,0.05,0.13,0.07,0.04
0.06,0.06,0.09,0,0,0,0,0.18,0.21,0.03,0.1,0.1,0,0.13,0.04,0
0.06,0.02,0,0.04,0,0,0.02,0,0.08,0.01,0.1,0.1,0.02,0,0.04,0.13
0,0,0.09,0,0,0,0.02,0,0,0,0,0,0,0,0,0
0,0,0.06,0,0,0,0.02,0,0.01,0.02,0.02,0,0.07,0.08,0.04,0
0,0,0,0.08,0,0,0.02,0,0,0,0,0,0.05,0,0.04,0
0,0.02,0.03,0,0,0.06,0.05,0,0.01,0,0,0,0,0,0,0.04
0,0.02,0.03,0,0,0,0.02,0,0,0,0,0,0.02,0,0.07,0
0,0,0.03,0,0,0,0,0,0,0,0.02,0,0.02,0,0,0
0,0,0,0,0,0,0,0,0.01,0,0.02,0,0.05,0,0,0
0,0,0,0,0,0,0,0,0.01,0,0,0,0,0,0,0
0,0,0,0,0,0,0,0,0,0,0,0,0.07,0.04,0,0
0.02,0,0,0,0,0,0,0,0,0,0,0,0.02,0,0,0
0,0,0,0.04,0,0,0,0,0.01,0,0,0,0.02,0,0.04,0.04
0,0.02,0,0,0,0,0.02,0,0,0,0,0,0.02,0,0,0
0,0,0,0,0,0,0,0,0,0,0,0,0.05,0.04,0,0
0,0,0,0,0,0,0,0,0,0,0,0,0.02,0,0,0.04
0,0,0.03,0,0,0,0.03,0,0,0,0,0,0,0,0,0.04
0,0,0,0,0,0,0.03,0,0,0,0,0,0,0,0,0
0,0,0,0.04,0,0,0,0,0,0,0.02,0,0,0,0,0
0,0,0,0,0,0,0,0,0.01,0,0.02,0,0,0,0,0
0,0,0,0,0,0,0,0,0,0,0,0,0,0,0,0
0,0,0,0,0,0,0,0,0,0,0,0,0,0,0,0
0,0,0,0,0,0,0,0,0,0,0,0,0.02,0,0,0
0,0.02,0,0,0,0,0.02,0,0,0,0.02,0,0,0,0,0
0,0,0.03,0,0,0,0,0,0,0,0.02,0,0,0,0,0.04
0,0,0,0,0,0,0.03,0,0.01,0,0.05,0,0,0.04,0,0
0,0,0,0,0,0.06,0,0,0,0,0.07,0,0,0,0,0
0,0,0.03,0,0,0,0.02,0.06,0,0,0,0,0,0,0,0
0,0.05,0,0.04,0,0,0,0,0,0,0.02,0,0.05,0,0,0
0,0,0,0,0,0.06,0.02,0,0.03,0,0,0,0.02,0,0,0
0,0.02,0,0,0,0.23,0,0.06,0.01,0,0,0,0.02,0,0,0
0,0.02,0,0.08,0,0,0,0,0,0,0.02,0,0,0,0,0
0,0.02,0,0,0,0.11,0,0,0,0,0.02,0,0,0.08,0,0
0,0.04,0.03,0,0,0,0,0.06,0,0,0,0,0,0,0,0
0,0.06,0.06,0,0.15,0,0.1,0,0,0,0.02,0,0,0,0,0
0,0.06,0.03,0,0,0,0,0,0.01,0,0,0,0.05,0.04,0,0.04
0,0.09,0.14,0,0,0.06,0.03,0,0.05,0,0,0,0,0.08,0,0
0.04,0.37,0.26,0.04,0.15,0,0,0,0.08,0.03,0.07,0,0.05,0.13,0.04,0
0.14,0.39,0.32,0,0.3,0.23,0.03,0,0.18,0.07,0.02,0,0.05,0.04,0,0.04
0.09,0.53,0.34,0.04,0.45,0.73,0.07,0.24,0.37,0.13,0.12,0.1,0.12,0.13,0.07,0
0.38,0.82,1.87,0.71,0.75,1.64,0.52,0.3,1.15,0.58,0.42,0,0.57,0.3,0.67,0.58
1.87,3.44,6.52,3.18,2.4,9.6,1.21,3.5,3.53,1.87,2.62,0.88,2.49,0.72,1.62,1.91
2.43,5.85,10.17,10.37,2.1,15.81,1.73,8.51,4.79,4.28,4.93,1.47,4.84,3.95,2.18,3.02
2.99,8.07,8.97,7.9,3.6,14.17,2.65,18.35,6.28,4.34,7.3,0.98,6.88,7.56,4.12,7.21
4.6,10.63,9.31,6.67,5.86,15.86,3.65,17.8,8,5.47,10.99,1.57,8.07,14.73,3.84,7.43
5.04,11.53,11.12,8.02,4.21,23.43,4.01,17.2,8.63,5.43,11.26,2.06,10.52,15.8,5.32,6.9
5.33,9.62,7.93,5.72,3.15,12.31,3.39,10.68,6.37,4.4,8.81,2.35,8.22,11.51,3.2,9.7
3.41,7.58,6.15,7.11,2.25,8.81,2.58,10.74,4.52,2.46,5.87,2.25,6.66,14.95,2.36,7.87
2.59,4.94,6.58,6.59,2.4,6.83,1.32,11.77,4.44,1.76,3.71,1.96,5.8,15.58,1.83,8.32
1.46,2.87,5.2,7.98,1.35,4.74,1.03,14.54,3.87,1.18,2,0.98,6.13,9.17,1.9,5.92
1.61,2.32,4.68,8.42,1.65,2.2,0.9,12.85,3.97,1.01,2.1,1.57,8.77,14.01,1.44,6.05
0.56,1.25,2.9,4.05,1.2,0.85,0.56,10.02,1.99,0.62,0.79,0.39,6.37,7.81,0.53,3.16
0.52,0.91,1.35,1.83,0.15,0.73,0.38,3.38,1.12,0.34,0.74,0.49,4.31,3.18,0.84,2.18
0.21,0.53,0.49,0.75,0.15,0.34,0.21,2.17,0.63,0.21,0.57,0.2,2.9,2.17,0.28,1.29
0.12,0.22,0.2,0.32,0.15,0.11,0.05,1.03,0.18,0.09,0.17,0.49,1.17,0.59,0.25,0.36
0.02,0.1,0.17,0.04,0.15,0.06,0.07,0.18,0.13,0.03,0.07,0.1,0.6,0.3,0.07,0.22
0,0.06,0.06,0.08,0,0.11,0.02,0,0.03,0.01,0.02,0.1,0.07,0.21,0.11,0.04
0,0.09,0,0.12,0,0,0.03,0,0.04,0.04,0.02,0,0.1,0,0.14,0.04
0,0.02,0.03,0.04,0,0,0,0.06,0,0.02,0.02,0,0.02,0.13,0,0
0,0.03,0.03,0.04,0,0,0,0,0.01,0,0.02,0,0,0.04,0,0.09
0,0.02,0,0.04,0,0,0,0.06,0.01,0,0,0,0,0,0.14,0
0,0,0,0,0,0,0,0,0,0,0,0,0,0,0.04,0
0,0,0.03,0,0,0,0,0,0,0,0,0,0,0,0,0
0,0,0,0,0,0,0,0,0.01,0,0,0,0,0,0,0
0,0,0,0,0,0,0,0.06,0,0,0,0,0.02,0,0,0
0,0,0,0,0,0,0,0,0,0,0,0,0,0,0.11,0
0,0,0,0,0,0,0,0,0,0,0,0,0.02,0,0.04,0
0,0,0,0,0,0,0,0,0,0,0,0,0.02,0,0,0
0,0,0,0,0,0,0,0,0,0,0.02,0,0,0,0,0
0,0,0,0,0,0,0,0,0.01,0,0,0,0,0,0,0
0,0,0,0,0,0,0.02,0,0,0.02,0.02,0,0.02,0,0,0
0,0,0,0,0,0,0,0,0,0,0,0,0,0,0,0
0,0,0,0,0,0,0,0,0,0,0,0,0,0,0,0
0,0,0,0,0,0,0.02,0,0,0,0,0,0,0,0,0
0,0,0,0,0,0,0,0,0,0,0,0,0.02,0,0,0
0,0,0,0,0,0,0,0,0,0,0,0,0,0.08,0,0
0,0,0,0.04,0,0,0,0,0.01,0,0,0,0,0,0,0
0,0,0,0,0,0,0,0,0,0,0,0,0,0.04,0,0
0,0,0,0,0,0,0,0,0.01,0,0,0,0.05,0.13,0,0
0,0.02,0,0.04,0,0.11,0,0,0,0,0.02,0,0,0,0,0
0,0,0,0,0,0,0,0,0.01,0,0,0,0,0,0,0.04
0,0,0,0,0,0,0.02,0,0.01,0,0,0,0.05,0.13,0,0.04
0,0,0,0,0,0,0,0,0,0,0,0,0.02,0.21,0,0
0,0.03,0,0.04,0,0,0,0.06,0,0,0.02,0,0,0,0,0
0,0.02,0,0.04,0,0,0.02,0.06,0.01,0,0,0,0.02,0.04,0,0
0,0,0,0,0,0.06,0.02,0,0,0,0,0,0.02,0.13,0,0
0.02,0.02,0.03,0.04,0,0,0.07,0.06,0.03,0,0,0,0,0.08,0,0
0,0.02,0.03,0,0,0,0,0.06,0,0.02,0,0,0.02,0,0,0
0,0.05,0.23,0,0,0,0,0,0,0,0,0,0.05,0.08,0,0.04
0,0.02,0.11,0,0,0,0,0.06,0,0,0.05,0.1,0,0,0,0
0,0.07,0.09,0,0,0,0,0.06,0.01,0,0.07,0,0.02,0.04,0,0.04
0,0.05,0.09,0,0,0,0.02,0,0,0.01,0,0.1,0.02,0.04,0,0
0.02,0.04,0.09,0.04,0,0.06,0,0,0.01,0,0,0.1,0,0,0,0.04
0.04,0.02,0.14,0,0.15,0,0,0.06,0.03,0,0.07,0,0.05,0.04,0.04,0
0.03,0.14,0.11,0.08,0,0.17,0.02,0.06,0,0.01,0.05,0,0.05,0.17,0,0.04
0.1,0.13,1.15,0.2,0,0,0.03,0.06,0.04,0.02,0.02,0,0.05,0.13,0,0.09
0.14,0.25,0.37,0,0,0.06,0.11,0.12,0.09,0.07,0.02,0,0.07,0.3,0,0.13
0.45,0.59,0.52,0.24,0.15,0.79,0.11,0.12,0.14,0.06,0.02,0,0.17,0.25,0.04,0.13
0.62,1.43,0.86,0.32,0.3,1.41,0.13,0,0.55,0.15,0.4,0,0.38,0.68,0,0.27
1.09,2.65,1.81,0.79,0.45,1.98,0.31,0.42,1.11,0.22,0.99,0,0.67,1.4,0.18,1.47
2.01,4.76,1.38,0.91,0.9,2.88,0.36,0.78,0.83,0.45,1.68,0.59,0.53,1.83,0.42,1.42
2.09,4.88,1.35,0.95,0.15,1.19,0.97,1.09,0.71,0.37,1.96,0.39,1.77,3.65,0.18,2.67
2.15,6.69,1.03,2.1,0.3,0.85,0.69,0.78,0.59,0.4,1.66,0.39,2.13,2.42,0.28,2.09
2.11,6.12,0.66,1.67,0.6,0.23,0.39,1.03,0.69,0.28,1.26,1.17,1.56,4.84,0.35,4.32
1.81,4.76,0.34,1.91,0.3,0.06,0.34,0.72,0.29,0.18,1.44,0.49,1.56,3.44,0.18,1.42
0.98,2.28,0.09,0.56,0,0.17,0.36,0.42,0.09,0.12,0.89,0.1,1.1,1.15,0.11,1.51
0.43,1.16,0.32,0.16,0.15,0.11,0.11,0.42,0.13,0.03,0.52,0,0.46,1.87,0.04,1.25
0.41,0.93,0.2,0.12,0,0.4,0.11,2.53,0.16,0.06,0.4,0.29,1.05,1.66,0.07,0.8
0.61,0.6,0,0.12,0,2.94,0.03,1.09,0.1,0.04,0.4,0.2,0.62,1.53,0.04,1.11
0.13,0.25,0.06,0.08,0,0.79,0.07,0.54,0.1,0.06,0.25,0,0.29,0.89,0,0.62
0.09,0.24,0.03,0,0,0.06,0.05,0,0.09,0.02,0.45,0,0.24,1.53,0,0.62
0.09,0.13,0,0,0,0,0.02,0.06,0.04,0,0.07,0,0.07,0.21,0,0
0.05,0.13,0,0.04,0,0,0.02,0,0.05,0.06,0.1,0,0,0,0,0.09
0.02,0.05,0,0,0,0,0,0,0.01,0.03,0,0,0.07,0.04,0,0
0,0,0,0,0,0,0,0,0.01,0,0,0,0,0.13,0,0
0,0.02,0.03,0.04,0,0,0,0.06,0.03,0,0,0,0,0.04,0,0
0,0,0,0,0,0,0,0,0.03,0,0,0,0,0.08,0,0
0,0,0.03,0,0,0,0,0,0,0,0.02,0,0,0,0,0
0,0,0,0,0,0,0,0,0,0,0,0,0,0,0,0
0,0,0,0,0,0,0,0,0,0,0,0,0,0,0,0
0,0,0.03,0,0,0,0,0,0.01,0,0,0,0.02,0,0,0
0,0,0,0,0,0,0,0,0,0,0,0,0,0,0,0
0,0.02,0,0,0,0,0,0,0,0,0,0,0.02,0,0,0
0,0.02,0,0,0,0,0,0,0.01,0,0,0,0,0,0,0.09
0,0,0,0.04,0,0,0,0,0,0,0,0,0,0,0,0
0,0,0.03,0,0,0,0,0,0,0,0.02,0,0.02,0,0,0
0,0.02,0.03,0,0,0,0,0,0,0,0,0,0,0,0,0
0,0,0,0,0,0,0,0,0,0.01,0,0,0,0,0,0.04
0,0,0,0,0,0,0,0,0,0,0,0,0,0,0,0
0.02,0,0,0,0,0,0,0,0,0.01,0.05,0,0,0,0,0
0.02,0,0,0,0,0,0,0,0,0,0,0,0,0,0,0
0,0,0,0,0,0,0,0,0,0,0,0,0,0,0,0
0.02,0,0,0,0,0,0,0,0,0,0,0,0,0,0,0
0.02,0,0,0,0,0,0,0.12,0,0,0,0,0,0,0,0
0.02,0.05,0,0,0,0,0.03,0,0,0,0.02,0,0,0,0,0.04
0,0,0,0.04,0,0,0,0.06,0,0,0,0,0,0,0,0
0,0,0.03,0.04,0,0.23,0.02,0,0.04,0,0.02,0,0.05,0,0,0.13
0,0.02,0.03,0.04,0,0,0.02,0,0.05,0,0,0,0.12,0,0,0.04
0.03,0.06,0,0,0,0.06,0.02,0.06,0.09,0,0.02,0,0.07,0.08,0,0.13
0.02,0.07,0,0.04,0,0,0.05,0,0.08,0.04,0.02,0,0.12,0.38,0.18,0.04
0.02,0.13,0.06,0.08,0,0.06,0,0.12,0.28,0.04,0.07,0,0.1,0.55,0.11,0.09
0.08,0.14,0.09,0.08,0.15,0.06,0.02,0.42,0.33,0.05,0.12,0,0.36,1.74,0.14,1.02
0.17,0.45,0.49,0.28,0.45,0.4,0.13,0.06,0.59,0.17,0.25,0.2,0.96,3.91,0.39,0.89
0.19,0.35,0.2,0.24,0,0.73,0.07,0,0.24,0.07,0.2,0,0.57,1.53,0.25,0.36
0.32,0.42,0.03,0.2,0.45,0.4,0.11,0.78,0.72,0.14,0.22,0,1.22,2.21,0.18,1.07
0.5,0.99,1.32,0.79,0.45,1.69,0.46,0.97,1.13,0.35,0.59,0.29,3.55,4.46,0.49,1.29
1.35,2.8,2.41,4.21,0.6,3.27,0.49,7.85,1.63,0.56,0.97,0.49,8.12,10.06,0.56,3.51
3.12,4.99,3.94,5.8,1.8,4.91,1.06,14.73,3.21,1.09,2.38,2.25,16.08,19.87,1.94,9.48
5.5,8.9,11.12,12.99,1.35,12.76,2.5,31.62,4.71,2.44,6.34,3.23,33.25,27.9,2.71,17.22
6.14,12.05,10.92,17.79,3.15,19.98,4.17,36.15,5.91,3.21,10.42,4.6,27.86,29.59,4.82,17.17
6.46,8.98,9.23,12.87,2.25,22.19,4.45,26.37,6.37,4.22,10.2,3.92,25.23,24.5,8.91,18.95
9.72,13,10,16.72,3.3,19.81,7.51,21.79,7.49,6.79,17.45,6.07,25.47,34.82,8.31,14.1
10.29,12.79,12.04,16.48,2.1,21.96,6.82,21.24,8.37,6.5,16.43,5.97,22.64,34.35,7.67,11.66
8.9,11.89,7.47,16.72,1.95,15.02,5.89,18.77,6.4,4.45,13.71,7.63,17.8,29.98,5.6,9.79
6.06,10.88,7.99,12.95,1.8,6.83,4.14,13.4,5.85,2.9,8.56,4.89,14.59,23.44,4.36,11.43
3.58,7.34,7.19,9.97,1.05,5.02,2.68,14.36,3.37,1.7,3.98,2.35,14.16,17.75,4.15,8.9
2.38,4.33,4.54,5.72,0.75,4.06,1.57,8.81,1.68,0.69,1.96,0.49,9.25,11.08,2.39,5.12
1.31,2.04,3.48,3.3,0.3,4.97,0.75,8.09,1.45,0.54,0.92,0.49,7,6.54,1.9,3.74
1.45,2.07,2.33,3.57,0.75,3.84,0.74,7.73,1.51,0.55,0.87,0.29,5.94,7.52,2.15,3.07
0.49,1.18,0.92,2.1,0.15,3.22,0.39,4.95,0.73,0.34,0.59,0.1,4.1,4.54,1.09,1.91
0.23,0.78,0.52,0.91,0,0.85,0.15,1.57,0.3,0.09,0.07,0.1,1.68,1.44,0.39,0.62
0.24,0.22,0.26,0.28,0.15,0.23,0.67,0.66,0.21,0.05,0.05,0,0.38,0.38,0.21,0.4
0.05,0.13,0.09,0.08,0,0.06,0.05,0.36,0.04,0.03,0.1,0.1,0.19,0.3,0.04,0.18
0.04,0.06,0.09,0.2,0,0.06,0.02,0.12,0.01,0,0.02,0,0.12,0,0.11,0.09
0.03,0.02,0.03,0,0,0.11,0,0,0.01,0.02,0,0,0.05,0,0.04,0.04
0.04,0.03,0,0.04,0,0.06,0,0,0.03,0,0,0,0.12,0,0,0.04
0.03,0.02,0.03,0,0,0,0.02,0,0.01,0.02,0,0,0.12,0,0.07,0
0.02,0.03,0.06,0,0,0,0,0,0,0.02,0.02,0,0,0,0.11,0
0.04,0,0.03,0,0,0,0,0,0,0,0,0,0.05,0,0.07,0
0.03,0,0,0,0,0,0,0,0,0,0,0,0.02,0,0.04,0
0,0,0.03,0,0,0,0,0,0,0,0,0,0,0.04,0,0.04
0,0.02,0,0,0,0,0,0,0,0,0,0,0.07,0,0.07,0
0,0,0,0,0,0,0,0,0,0,0,0,0.02,0,0.07,0
0,0.03,0.03,0,0,0,0,0,0,0,0,0,0,0,0.11,0
0,0,0,0,0,0,0,0,0,0,0.02,0,0,0,0,0
0,0,0.03,0.04,0,0,0,0,0.01,0,0,0,0,0,0.04,0
0,0,0,0,0,0,0,0,0,0,0,0,0,0,0,0
0,0,0,0,0,0,0.02,0,0,0,0.02,0,0,0,0,0.04
0,0,0,0,0,0,0,0,0,0,0,0,0,0,0,0
0,0,0,0,0,0,0.02,0,0,0,0,0,0,0,0,0
0,0,0,0,0,0.06,0,0.06,0,0,0,0,0,0,0,0
0,0,0,0,0,0,0,0,0,0,0,0,0,0,0,0
0,0,0,0,0,0,0,0,0,0.01,0,0,0,0,0,0
0,0.02,0,0.08,0,0,0,0,0,0,0,0,0.02,0,0.04,0
0,0.02,0,0,0,0,0,0,0,0,0.02,0,0,0,0,0
0,0.03,0.03,0,0,0,0,0,0.01,0,0.02,0,0,0,0,0
0,0.02,0,0,0,0,0.03,0,0.01,0,0.07,0,0,0,0,0
0,0.05,0,0,0,0,0,0.06,0,0,0,0,0.02,0,0.04,0
0,0.02,0.09,0,0,0,0,0,0.01,0,0.05,0,0.02,0.04,0,0.04
0,0.02,0,0.04,0,0.11,0,0,0.01,0,0,0,0,0,0.04,0
0,0.08,0.03,0,0,0,0.02,0,0.04,0,0.02,0,0.07,0.13,0.04,0
0,0.05,0,0,0,0.23,0,0,0.11,0,0.1,0,0,0,0.04,0.04
0,0.08,0.03,0,0,0,0,0.06,0.09,0,0.05,0,0.05,0.04,0.04,0.09
0,0.06,0.09,0,0,0,0,0,0.06,0.02,0.05,0,0.05,0.13,0,0.04
0.02,0.09,0,0.04,0,0,0.02,0,0.03,0,0,0,0.05,0.13,0,0.04
0,0.09,0.03,0,0,0.11,0,0,0.03,0,0.02,0,0,0.21,0,0
0.03,0.09,0.03,0,0,0.06,0.05,0.06,0.04,0.01,0.02,0,0,0.04,0,0.04
0.07,0.21,0.2,0.04,0,0.11,0.05,0,0.03,0.04,0.07,0,0.07,0.08,0.04,0.04
0.15,0.31,0.2,0.12,0.15,0.11,0.07,0.3,0.09,0.03,0.05,0,0.24,0.08,0.11,0.18
0.19,0.78,0.37,0.4,0,0.17,0.11,0.97,0.1,0.08,0.15,0,0.17,0.51,0.11,0.13
0.32,1.33,0.26,0.16,0,0.51,0.2,1.75,0.1,0.06,0.17,0,0.24,0.93,0.11,0.27
0.48,1.81,1.09,0.28,0.3,0.34,0.44,0.6,0.18,0.08,0.3,0.1,0.6,1.06,0.04,0.8
0.75,2,1.35,1.11,0.3,0.85,0.46,0.97,0.19,0.1,0.45,0,0.84,1.91,0.21,0.93
0.71,2.24,1.52,0.71,0.15,1.35,0.38,0.48,0.34,0.12,0.32,0,0.74,2.72,0.25,0.67
0.93,2.21,2.01,0.75,0.15,1.24,0.52,0.36,0.25,0.2,0.64,0.1,0.81,2.34,0.32,0.93
0.97,2.06,1.7,0.83,0.15,0.62,0.36,0.91,0.21,0.28,1.21,0.1,0.79,2.34,0.28,0.4
1.19,2.22,1.12,0.75,0.15,0.68,0.72,0.97,0.28,0.2,0.52,0,0.89,2.08,0.28,0.62
0.96,2.67,1.03,1.11,0.45,0.28,0.75,0.66,0.26,0.21,0.79,0.1,1.05,2.59,0.56,1.47
0.91,2.29,0.89,0.48,0.3,0.51,0.43,0.42,0.15,0.16,0.35,0.1,0.84,1.19,0.32,0.76
0.95,1.92,0.57,0.24,0,0.28,0.16,0.42,0.19,0.09,0.72,0.39,0.67,0.76,0.32,1.56
0.7,1.4,0.46,0.75,0.15,0.85,0.33,0.3,0.08,0.08,0.79,0.39,0.46,0.42,0.04,1.82
0.19,0.85,0.17,0.12,0,0.28,0.07,0.18,0.04,0.08,0.3,0.2,0.17,0.3,0.11,0.18
0.23,0.54,0.06,0.04,0.15,0.51,0.07,0,0.05,0.06,0.32,0,0.12,0.08,0.04,0.27
0.26,0.18,0.11,0.08,0,0.11,0.1,0.24,0,0.04,0.2,0,0.31,0.08,0,0.04
0.07,0.07,0.11,0.04,0,0.06,0.05,0,0.05,0.02,0.05,0,0.12,0.13,0.28,0.04
0.02,0.1,0.06,0,0.15,0,0.02,0,0.03,0.01,0,0,0,0.04,0.11,0
0.03,0.08,0.09,0.08,0,0.06,0.05,0.06,0.04,0.01,0,0,0.1,0,0.14,0
0.03,0.04,0,0.04,0,0,0,0,0.03,0.01,0,0,0,0.04,0,0
0,0.04,0.03,0,0,0.06,0,0,0.01,0.01,0,0,0,0.04,0,0
0,0.02,0,0,0,0,0.03,0,0.01,0,0,0,0,0,0,0
0,0.03,0,0.04,0,0,0,0,0,0,0,0,0.02,0,0.04,0
0.04,0.03,0,0,0,0,0.03,0,0,0.02,0.05,0,0,0,0,0
0.02,0.02,0,0,0,0,0.03,0,0,0,0.02,0,0,0,0,0
0,0.02,0,0,0,0,0,0,0.01,0,0,0,0,0,0.04,0
0.02,0.02,0,0,0,0,0,0.06,0,0,0,0,0,0,0,0.09
0,0.02,0.03,0,0,0.17,0,0.06,0,0,0,0.1,0,0,0,0
0,0,0,0,0,0.17,0.02,0,0.01,0,0,0,0,0,0,0
0,0,0,0,0,0,0,0,0,0,0,0,0.02,0,0,0
0.05,0,0,0,0,0,0.03,0,0,0,0,0,0,0,0,0
0,0.02,0.03,0.04,0,0,0,0,0,0,0,0,0,0,0,0
0,0,0,0,0,0,0,0.06,0.01,0,0.02,0,0.02,0.04,0,0
0.02,0.02,0,0,0,0,0.02,0,0,0,0,0,0.05,0,0,0
0,0,0.03,0.08,0,0.06,0,0,0,0,0.02,0,0,0.04,0,0
0,0,0.06,0,0,0.06,0,0,0.01,0,0,0,0,0,0,0.09
0,0.02,0,0.04,0,0,0,0,0.01,0.02,0.02,0,0.05,0,0,0
0,0,0,0,0,0,0.02,0.24,0,0,0,0,0,0,0,0
0,0,0,0.08,0,0,0,0,0,0,0.02,0,0.02,0.04,0,0
0.02,0.02,0.03,0,0,0,0,0,0.03,0,0,0,0.05,0,0,0.04
0.04,0.02,0.03,0.04,0,0,0,0.06,0.03,0,0,0,0.02,0.04,0.11,0
0.02,0.02,0,0,0,0,0,0,0.03,0.01,0.05,0,0.02,0,0,0
0.02,0.05,0,0.12,0,0.06,0,0.06,0,0,0.05,0,0,0,0.04,0
0.02,0.06,0.03,0,0,0,0,0.06,0.04,0.01,0.07,0,0.02,0,0.04,0
0.05,0.03,0.09,0,0,0,0.02,0.12,0.08,0,0.02,0,0,0.13,0,0
0.04,0.02,0.06,0,0,0.06,0,0.24,0.08,0.02,0.1,0,0.05,0.04,0.07,0.04
0.05,0.06,0.03,0,0,0.17,0,0.12,0.04,0.03,0.2,0.1,0.07,0.08,0.04,0
0.08,0.16,0.2,0.24,0,0.11,0.02,0.06,0.19,0.02,0.07,0,0.24,0.04,0.04,0.18
0.08,0.41,0.55,0.16,0.15,0.51,0.21,0.3,0.14,0.07,0.15,0.29,0.36,0.17,0.14,0.36
0.13,0.32,0.43,0.28,0,0.34,0.07,0.42,0.08,0.07,0.22,0,0.36,0.25,0.04,0.27
0.18,0.32,0.46,0.04,0.3,0.68,0.1,0.12,0.06,0.13,0.12,0,0.19,0.17,0.21,0.13
0.49,1.06,1.03,0.36,0,0.73,0.41,0.36,0.4,0.26,0.3,0.29,1.29,1.49,0.56,0.44
1.16,2.2,1.93,1.31,0.6,1.47,0.61,1.09,0.47,0.42,0.64,0.39,7.62,1.66,0.6,2.09
2.36,4.88,2.53,2.14,0.3,2.43,0.88,2.53,0.68,0.54,1.93,0.98,8.86,5.56,0.81,3.16
5.64,8.85,4.48,4.33,0.3,4.12,1.98,5.07,1.58,1.12,3.98,1.27,24.08,8.07,2.96,6.81
9.92,13.49,5.37,6.31,0.75,7.73,5.94,7.73,3.11,1.85,7.67,4.11,38.38,14.86,3.06,14.46
15.52,21.07,8.94,9.49,1.05,14,5.2,10.26,4.51,2.79,15.07,5.77,35.36,20.04,5.88,17.13
17.77,25.03,11.87,13.62,1.05,19.81,7.57,14.73,6.58,3.48,15.15,7.93,29.61,27.39,10.03,55.83
18.13,25.85,13.34,20.69,1.35,21.34,8.21,23.24,8.67,5.09,20.54,10.47,43.15,47.26,10.95,61.79
13.2,20.27,12.13,17,0.9,11.69,6.64,25.77,6.73,4.24,15.37,5.38,30.69,45.86,9.61,48.58
8.06,13.47,10.43,16.68,0.75,12.87,4.78,23.9,4.74,2.99,8.86,2.74,25.71,42.33,6.23,35.68
4.77,10.09,7.47,9.21,1.5,7.34,2.86,17.02,3.52,1.84,5.49,2.84,21.78,25.05,5.32,18.95
3.44,8.25,4.4,5.8,0.6,6.1,1.98,10.8,2.02,1.06,2.95,1.57,17.87,15.54,3.17,11.83
1.65,4.81,2.82,2.98,0.6,3.44,1.28,4.71,1.06,0.56,1.71,0.49,8.72,9.89,1.58,5.47
1.24,2.39,1.38,2.14,0,1.98,0.69,3.14,0.43,0.25,1.16,0.39,5.7,5.6,0.95,1.82
0.83,5.08,1.09,1.23,0,3.61,0.64,1.69,0.39,0.25,0.84,0,4.26,4.84,0.28,1.73
0.51,2.05,0.6,0.79,0.15,1.75,0.26,1.39,0.2,0.16,0.42,0.39,1.94,2.76,0.35,1.02
0.23,0.46,0.46,0.16,0,1.02,0.1,0.36,0.19,0.13,0.22,0.1,1.39,1.32,1.72,0.67
0.13,0.25,0.2,0.52,0,0.51,0.18,0.06,0.15,0.05,0.2,0.2,1.03,0.76,0.18,0.13
0.05,0.1,0.17,0.08,0.15,1.24,0.07,0.24,0.06,0.04,0.02,0,0.41,0.42,0.11,0.18
0.03,0.05,0.2,0.04,0,0.28,0.02,0.06,0.09,0.04,0.05,0,0.19,0.17,0.07,0.18
0,0.03,0,0,0,0.17,0.07,0.18,0.04,0.01,0.02,0,0.19,0.17,0.07,0
0,0.03,0.06,0.04,0,0.23,0,0,0.03,0,0,0.59,0.17,0.04,0.04,0
0,0,0,0.04,0,0.06,0.02,0.06,0.01,0.01,0,0,0.02,0,0.07,0
0,0.02,0.03,0.04,0,0,0,0.06,0.03,0.02,0,0,0.1,0,0.07,0
0,0,0,0,0,0,0.03,0,0.03,0,0,0,0.02,0,0,0
0,0,0,0,0,0,0.02,0,0.04,0,0.05,0,0.02,0,0,0
0,0,0,0,0,0,0,0,0.01,0,0,0,0.05,0,0,0
0,0.02,0,0.04,0.3,0,0,0,0.03,0,0,0,0.02,0,0,0
0,0,0,0,0,0,0.07,0,0.01,0,0,0,0,0,0.11,0.04
0,0.02,0.03,0,0,0,0,0,0.03,0,0,0.1,0.02,0,0,0
0,0.02,0,0,0,0,0.02,0,0.01,0,0,0,0.05,0,0.04,0
0,0.02,0,0,0,0,0,0,0,0,0,0,0,0,0.04,0
0,0.03,0,0,0.15,0,0,0,0,0,0,0,0,0,0,0
0,0,0.03,0,0,0.06,0,0,0,0,0,0,0,0,0.04,0
0,0.02,0,0,0,0.06,0.02,0,0,0,0,0,0,0,0,0
0,0,0,0,0,0,0.02,0,0,0,0,0,0,0,0,0.13
0.02,0.02,0.03,0,0,0,0,0,0,0,0,0,0,0,0,0
0.02,0.02,0.03,0,0,0,0,0,0,0.01,0,0,0,0.04,0,0
0.02,0.02,0,0.04,0,0.06,0,0.06,0,0,0,0,0.02,0,0.04,0
0.05,0.02,0.03,0.08,0,0,0.03,0,0.01,0,0.02,0,0.02,0,0,0
0.02,0.02,0.03,0,0,0.11,0.03,0,0,0.01,0,0,0,0.08,0.04,0.04
0.02,0,0.06,0.04,0.15,0,0,0,0.03,0.01,0,0,0,0,0.14,0
0,0.08,0.06,0,0,0,0.02,0.06,0.03,0.02,0.12,0,0.1,0,0.14,0
0,0.08,0.06,0.04,0,0,0.03,0,0,0.03,0.02,0,0.05,0.13,0.04,0.09
0.03,0.13,0.03,0,0.15,0.17,0.13,0.12,0.05,0.02,0,0,0.17,0.08,0.42,0.04
0.04,0.12,0.09,0.2,0,0.45,0.11,0.06,0.06,0.06,0.07,0,0.1,0.17,0.11,0.4
0.09,0.15,0,0.08,0,0.73,0.08,0.18,0.01,0.04,0.02,0,0.17,0.25,0.04,0.27
0.11,0.4,0.06,0.08,0.15,0.62,0.08,0,0.11,0.04,0.12,0.29,0.53,0.42,0.25,0.67
0.18,0.36,0.14,0.36,0.15,1.19,0.18,0.24,0.09,0.11,0.02,0.1,0.67,1.06,0.14,1.11
0.51,0.35,0.17,0.08,0.3,1.64,0.2,0.3,0.11,0.17,0.12,0,0.62,1.23,0.39,1.51
0.28,0.42,0.2,0.16,0,0.96,0.05,0.24,0.15,0.03,0.07,0.1,0.36,0.55,0.11,0.98
0.18,0.42,0.26,0.08,0.15,1.02,0.2,0.3,0.05,0.06,0.02,0,0.67,0.3,0.28,0.67
0.32,0.71,0.43,0.16,0,0.96,0.36,0.24,0.16,0.15,0.37,0.1,1.03,0.21,0.39,1.11
0.51,0.97,1.72,0.87,0,2.37,0.36,1.81,0.26,0.17,0.47,0.2,1.65,0.98,0.6,1.78
0.57,1.86,2.5,1.63,0,4.63,0.39,1.87,0.89,0.26,0.67,0,2.99,2.29,1.37,7.83
1.01,2.61,5.66,4.45,0.3,10.9,1.1,5.85,1.54,0.66,2.1,0.2,7.45,7.81,1.48,12.37
1.86,4.18,8.77,4.05,0.15,12.08,1.14,6.88,2.08,0.91,2.55,1.47,11.74,7.81,3.8,11.25
2.11,3.85,7.76,5.68,0.45,11.69,2.01,4.47,2.39,1.16,2.9,0.69,11.31,9.21,3.98,13.83
3.7,5.53,9.31,9.89,0.75,12.93,2.72,10.44,3.08,1.85,3.79,0.88,11.69,15.88,4.33,21.44
4.67,7.68,13.11,17,1.05,15.41,4.78,15.99,4.07,2.96,7.43,1.47,14.83,20.72,8.69,28.34
5.77,9.44,14.57,17,1.8,20.1,5.76,22.03,5.27,3.75,8.96,1.66,21.51,28.96,11.83,23
6.88,11.15,19.37,22.6,1.35,21.62,7.43,37.9,7.21,4.89,10.59,2.94,32.46,34.52,11.12,35.14
7.75,14.55,16.38,21.45,2.55,17.67,6.92,47.32,6.92,6.16,12.57,3.52,41.88,44.33,11.55,24.69
7.6,11.76,9.31,15.65,2.7,14.85,5.94,38.81,6.1,5.03,10.25,3.72,34.55,31.46,8.13,15.35
5.39,8.65,6.12,10.25,1.2,10.05,4.29,19.37,3.19,4.06,7.47,3.03,23.48,22.33,4.58,8.63
3.47,6.5,4.28,5.84,0.9,8.35,2.9,15.57,2.45,2.41,6.36,2.35,19.26,20.55,3.1,6.72
1.79,3.28,2.59,4.69,0.45,5.93,1.19,9.17,1.36,1.4,3.79,2.94,10.78,12.91,1.51,3.2
0.9,2,1.06,2.34,0.6,5.59,0.49,6.58,0.77,0.74,1.66,0.1,5.49,7.73,0.81,2.49
0.44,1.09,0.69,2.7,0.15,2.37,0.15,4.04,0.47,0.39,1.26,1.37,3.86,5.73,0.77,0.85
0.25,0.62,0.37,0.44,0.3,1.19,0.11,1.69,0.37,0.27,0.67,0.49,1.63,2.08,0.46,0.18
0.21,0.61,0.29,1.55,0.15,0.51,0.13,1.33,0.28,0.26,0.54,1.17,1.58,1.49,0.32,0.31
0.1,0.2,0.03,0.2,0,1.02,0.02,0.06,0.05,0.12,0.17,0,0.29,0.64,0.07,0.18
0.03,0.1,0,0,0,0.06,0.07,0.12,0.08,0.07,0,0.2,0.22,0.34,0.04,0.04
0.02,0.06,0.06,2.54,0,0.17,0.05,0.06,0.05,0.04,0,0,0,0.21,0.04,0
0.02,0.02,0,0,0,0.28,0,0.12,0.01,0.03,0.02,0,0,0.13,0.07,0
0.02,0,0,0.04,0,0.06,0.02,0,0.03,0,0.05,0,0.02,0.08,0,0
0,0.02,0,0,0,0.11,0,0.06,0,0.01,0,0,0.02,0.04,0,0
